T014_012IC03 : 641.3029999999998
T014_012IC04 : 765.2640000000005
